606208
1167360
212992
823296
692224
720896
884736
1236992
765952
1175552
1482752
86016
774144
405504
880640
987136
1589248
1052672
1110016
1220608
299008
765952
155648
1298432
937984
282624
376832
1060864
970752
335872
1032192
163840
913408
1351680
1417216
1323008
1552384
622592
1302528
1474560
827392
1040384
598016
1159168
966656
786432
1286144
327680
1376256
1454080
831488
81920
999424
700416
1150976
1478656
606208
110592
577536
1310720
311296
577536
974848
630784
774144
274432
749568
1540096
1269760
630784
458752
4096
1466368
1519616
561152
40960
942080
86016
53248
544768
495616
892928
1601536
1486848
102400
176128
1155072
692224
1114112
1142784
1118208
1617920
1003520
1363968
1273856
1335296
1163264
8192
163840
798720
1507328
864256
860160
1449984
1622016
1630208
69632
1437696
380928
225280
90112
1409024
233472
499712
851968
225280
1462272
614400
12288
1392640
1024000
1613824
196608
856064
946176
692224
184320
741376
12288
61440
1318912
462848
978944
778240
1511424
270336
1384448
417792
331776
1138688
315392
81920
1556480
536576
1073152
1228800
303104
1400832
798720
774144
499712
442368
368640
876544
1536000
663552
806912
565248
995328
266240
921600
909312
372736
380928
958464
581632
1048576
593920
868352
503808
1404928
1245184
126976
1372160
1515520
1249280
364544
356352
593920
929792
1261568
1257472
1544192
1605632
532480
77824
573440
143360
962560
188416
303104
466944
458752
487424
1572864
462848
1191936
917504
307200
245760
479232
643072
1056768
1069056
28672
1093632
405504
1105920
1441792
983040
503808
315392
229376
315392
1064960
1208320
1294336
114688
872448
1224704
499712
802816
954368
626688
40960
1146880
1282048
1126400
212992
1560576
405504
888832
393216
1388544
524288
1425408
765952
1413120
901120
524288
1421312
1085440
933888
659456
1355776
606208
118784
1130496
1196032
577536
1331200
98304
1527808
1306624
4096
1495040
1593344
1253376
1290240
1327104
1490944
49152
1265664
1171456
675840
843776
819200
733184
684032
663552
12288
1277952
897024
1187840
73728
323584
847872
372736
401408
774144
1347584
397312
282624
565248
389120
811008
61440
200704
188416
45056
184320
1134592
634880
675840
905216
1503232
1019904
782336
1216512
73728
131072
1089536
155648
708608
1007616
1585152
1200128
618496
643072
659456
1204224
421888
651264
1576960
397312
1011712
135168
475136
667648
73728
1470464
1458176
1081344
1380352
303104
192512
1626112
1232896
380928
991232
1396736
1044480
786432
73728
319488
221184
835584
1568768
65536
196608
1531904
8192
106496
237568
1077248
1359872
311296
1097728
405504
1314816
1122304
950272
1036288
1445888
1028096
700416
663552
749568
598016
614400
1339392
53248
1241088
839680
1499136
925696
1609728
684032
1564672
376832
1523712
1433600
1343488
786432
655360
638976
516096
8192
520192
1183744
1597440
1634304
237568
253952
1101824
1015808
208896
1179648
81920
1212416
1429504
532480
1368064
1581056
761856
630784
692224
536576
1548288
528384
